H-fov: 88.196381969465765
V-fov: 56.827537690149300
cx: 6.1804923307436206e+02
cy: 4.4700877353209762e+02
fx: 6.6047049328252626e+02
fy: 6.6542381373554315e+02
k1: -1.0354224261132557e-02
k2: -1.8480191918408963e-02
k3: 5.0411881104361891e-03 
p1: -7.8753999750449217e-04
p2: 0.0