H-fov: 88.196381969465765
V-fov: 56.827537690149300
cx: 618.04923307436206
cy: 447.00877353209762
fx: 660.47049328252626
fy: 665.42381373554315
k1: -0.010354224261132557
k2: -0.018480191918408963
k3: 0.0050411881104361891
p1: -0.00078753999750449217
p2: 0.0