H-fov: 68.6898
V-fov: 42.0195
cx: 6.3937849242430661e+02
cy: 3.5571784517823068e+02
fx: 9.3662793596091171e+02
fy: 9.3735420508958236e+02
k1: 6.9191186809877112e-02
k2: -9.9163998698758346e-02
p1: -1.2398694086340389e-03
p2: 3.2412933543665302e-03
k3: 0