<?xml version="1.0"?>
<opencv_storage>
<calibration_time>"Mon Apr 20 21:33:48 2020"</calibration_time>
<nr_of_frames>10</nr_of_frames>
<image_width>1080</image_width>
<image_height>720</image_height>
<board_width>8</board_width>
<board_height>6</board_height>
<square_size>30.</square_size>
<fix_aspect_ratio>1.</fix_aspect_ratio>
<!-- flags: +fix_aspectRatio +fix_principal_point +zero_tangent_dist -->
<flags>14</flags>
<fisheye_model>0</fisheye_model>
<camera_matrix type_id="opencv-matrix">
  <rows>3</rows>
  <cols>3</cols>
  <dt>d</dt>
  <data>
    8.0811063351996893e+02 0. 5.3950000000000000e+02 0.
    8.0811063351996893e+02 3.5950000000000000e+02 0. 0. 1.</data></camera_matrix>
<distortion_coefficients type_id="opencv-matrix">
  <rows>5</rows>
  <cols>1</cols>
  <dt>d</dt>
  <data>
    -2.3635718615395179e-02 2.2140878240271111e-01 0. 0.
    -8.2806649294447920e-01</data></distortion_coefficients>
<avg_reprojection_error>5.6250603222158135e-01</avg_reprojection_error>
<per_view_reprojection_errors type_id="opencv-matrix">
  <rows>10</rows>
  <cols>1</cols>
  <dt>f</dt>
  <data>
    2.99377024e-01 7.34688997e-01 6.05087578e-01 2.32965082e-01
    1.77842677e-01 2.69502968e-01 1.04883039e+00 1.90328121e-01
    4.40197080e-01 8.24638605e-01</data></per_view_reprojection_errors>
<!-- a set of 6-tuples (rotation vector + translation vector) for each view -->
<extrinsic_parameters type_id="opencv-matrix">
  <rows>10</rows>
  <cols>6</cols>
  <dt>d</dt>
  <data>
    -1.1758787952639620e-01 -1.1430384674036122e-01
    4.9407181016360664e-02 -1.4261480840792657e+02
    2.0071778216430229e+01 6.6470382580919011e+02
    -1.9101121668435489e-01 -5.2495240294545505e-02
    1.1389475800506470e-01 9.5908000703923278e+01 7.6974536787772445e+00
    6.2237443400381164e+02 -2.1326167685538350e-01
    -9.1708078982294348e-03 1.1368468821457660e-01
    -1.1504580766822228e+02 -5.0253909531454866e+01
    5.2595696401119687e+02 -2.3239203649791193e-01
    -8.4472298415179684e-02 4.4169048164306828e-02
    -1.2622511263852145e+02 1.1547701564276058e+02
    9.8238383665382673e+02 -1.8510816334086588e-01
    -1.1820115193325048e-01 -8.1927889765473993e-01
    -4.7827015067894642e+01 2.4013750710865264e+02
    9.3469320981232681e+02 -2.5553359619264221e-01
    -5.8927523745166945e-02 7.1693054857106564e-01
    -1.4259662774336570e+02 -7.5504569676265234e+01
    8.2791228233310653e+02 -5.8810704907169269e-02
    -3.4555006537486985e-02 2.2983078974460759e-02
    -1.1163796505774391e+02 -5.8116323597562427e+01
    3.1600547429549044e+02 -1.9589382995317831e-01
    1.0748800122626825e-02 -1.3552149460164484e-01
    -7.9103205537020258e+01 1.1485550779043000e+02
    9.2927404231586399e+02 -1.5676907242841132e-01
    -4.5600990593418857e-02 8.5952850830064223e-02
    3.4239136107796654e+01 -4.6820951378535383e+01
    8.5462068610496556e+02 -1.4308480972424331e-01
    3.5222171398432117e-02 2.3780848751054198e-01 2.7593423776469891e+01
    -1.0940141588963327e+02 4.4967735729639753e+02</data></extrinsic_parameters>
<image_points type_id="opencv-matrix">
  <rows>10</rows>
  <cols>48</cols>
  <dt>"2f"</dt>
  <data>
    3.66477783e+02 3.84465820e+02 4.03092346e+02 3.86187561e+02
    4.39598053e+02 3.87909027e+02 4.75407806e+02 3.89549438e+02
    5.11244995e+02 3.91248901e+02 5.46841675e+02 3.93021515e+02
    5.81887695e+02 3.94773895e+02 6.16690552e+02 3.96493164e+02
    3.64097748e+02 4.20664581e+02 4.01080719e+02 4.22214478e+02
    4.37512970e+02 4.23630066e+02 4.73623840e+02 4.25306641e+02
    5.09688721e+02 4.26923706e+02 5.45576660e+02 4.28627991e+02
    5.80852417e+02 4.30400085e+02 6.15793640e+02 4.31995178e+02
    3.61502411e+02 4.57245819e+02 3.98547852e+02 4.58554932e+02
    4.35470093e+02 4.60173340e+02 4.71941467e+02 4.61614777e+02
    5.08169128e+02 4.63180664e+02 5.44300110e+02 4.64717987e+02
    5.79685303e+02 4.66410095e+02 6.14488708e+02 4.67587250e+02
    3.58533875e+02 4.94461456e+02 3.96076233e+02 4.95986786e+02
    4.33349548e+02 4.97202240e+02 4.70069641e+02 4.98658539e+02
    5.06514404e+02 5.00072784e+02 5.42756226e+02 5.01472046e+02
    5.78225525e+02 5.02808807e+02 6.12951660e+02 5.04188416e+02
    3.55824615e+02 5.32398804e+02 3.93589447e+02 5.33384277e+02
    4.31168335e+02 5.34644165e+02 4.68119568e+02 5.35864014e+02
    5.04707336e+02 5.37089294e+02 5.40937805e+02 5.38272522e+02
    5.76660461e+02 5.39287598e+02 6.11621704e+02 5.40494995e+02
    3.53330444e+02 5.70337219e+02 3.91324219e+02 5.71216858e+02
    4.29071442e+02 5.72210449e+02 4.66183411e+02 5.73211731e+02
    5.02732269e+02 5.74330933e+02 5.39401489e+02 5.75379028e+02
    5.75161682e+02 5.76336853e+02 6.10467712e+02 5.77043274e+02
    6.62554688e+02 3.69952820e+02 7.00946411e+02 3.74377930e+02
    7.39208679e+02 3.78776489e+02 7.77501709e+02 3.83131500e+02
    8.15748596e+02 3.87404480e+02 8.53805542e+02 3.91844116e+02
    8.90913391e+02 3.96422699e+02 9.28054260e+02 4.00677246e+02
    6.59678284e+02 4.08320862e+02 6.98564514e+02 4.12666626e+02
    7.37537842e+02 4.17008270e+02 7.76276245e+02 4.21128540e+02
    8.14642517e+02 4.25580414e+02 8.52826721e+02 4.30142578e+02
    8.90480347e+02 4.34494659e+02 9.27516052e+02 4.39032654e+02
    6.57365662e+02 4.46935791e+02 6.96652588e+02 4.51340118e+02
    7.36149170e+02 4.55544159e+02 7.74633606e+02 4.60144653e+02
    8.13337097e+02 4.64553284e+02 8.51874023e+02 4.69114655e+02
    8.89485718e+02 4.73469574e+02 9.25967224e+02 4.77787689e+02
    6.55052673e+02 4.86747070e+02 6.94698730e+02 4.91140717e+02
    7.33979675e+02 4.95673676e+02 7.72996704e+02 5.00233063e+02
    8.11616638e+02 5.04580017e+02 8.50473511e+02 5.09091675e+02
    8.87510193e+02 5.13382019e+02 9.23879700e+02 5.17491211e+02
    6.52052063e+02 5.27457092e+02 6.91580811e+02 5.31809143e+02
    7.31243774e+02 5.36288757e+02 7.70502991e+02 5.40526489e+02
    8.09506042e+02 5.44804138e+02 8.48214539e+02 5.49261658e+02
    8.85603088e+02 5.53280151e+02 9.22461670e+02 5.57072754e+02
    6.48541077e+02 5.68688660e+02 6.88589661e+02 5.73077515e+02
    7.28325562e+02 5.77418335e+02 7.67913208e+02 5.81576660e+02
    8.06743774e+02 5.85773499e+02 8.46019104e+02 5.90075439e+02
    8.83539001e+02 5.93794678e+02 9.20722290e+02 5.97550903e+02
    3.62539703e+02 2.83296021e+02 4.08432404e+02 2.88191437e+02
    4.54362671e+02 2.92912537e+02 5.00025391e+02 2.97429321e+02
    5.45950867e+02 3.02210541e+02 5.92355042e+02 3.07789917e+02
    6.37697937e+02 3.13707306e+02 6.83555481e+02 3.19243286e+02
    3.55633423e+02 3.27872681e+02 4.01748779e+02 3.32565033e+02
    4.48034149e+02 3.37268646e+02 4.94383362e+02 3.41886536e+02
    5.40800537e+02 3.46691345e+02 5.87510071e+02 3.52620056e+02
    6.33430847e+02 3.58657898e+02 6.79658386e+02 3.64570770e+02
    3.48144012e+02 3.72800690e+02 3.94730377e+02 3.77477203e+02
    4.41597107e+02 3.82368439e+02 4.88591553e+02 3.87582489e+02
    5.35687866e+02 3.92746704e+02 5.82827820e+02 3.98454346e+02
    6.29535156e+02 4.04480896e+02 6.75914429e+02 4.10481079e+02
    3.40121643e+02 4.19113464e+02 3.87315643e+02 4.24205109e+02
    4.35041626e+02 4.29391907e+02 4.82551544e+02 4.34562286e+02
    5.30464355e+02 4.39923492e+02 5.78254883e+02 4.45688843e+02
    6.25291870e+02 4.51775665e+02 6.72104919e+02 4.57681946e+02
    3.32039154e+02 4.66587708e+02 3.80222504e+02 4.71779022e+02
    4.28499451e+02 4.77247559e+02 4.76620178e+02 4.82575439e+02
    5.24908325e+02 4.88271942e+02 5.73214661e+02 4.93791321e+02
    6.20945862e+02 4.99840363e+02 6.68441650e+02 5.05666382e+02
    3.23956329e+02 5.15543396e+02 3.72576050e+02 5.20677551e+02
    4.21615387e+02 5.26379333e+02 4.70415527e+02 5.31787659e+02
    5.19266602e+02 5.37426270e+02 5.68248352e+02 5.43304749e+02
    6.16505066e+02 5.49132446e+02 6.64560181e+02 5.54820251e+02
    4.35524200e+02 4.54684235e+02 4.60277191e+02 4.55752594e+02
    4.84961426e+02 4.56755920e+02 5.09389679e+02 4.57753998e+02
    5.33757202e+02 4.58708191e+02 5.58290100e+02 4.59619415e+02
